1001,241001001
1002,241001002
1003,241001003
1004,241001004
1005,241001005
1006,241001006
1007,241001007
1008,241001008
1009,241001009
1010,241001010
1011,241001011
1012,241001012
1013,241001013
1014,241001014
1015,241001015
1016,241001016
1017,241001017
1018,241001018
1019,241001019
1020,241001020
1021,241001021
1022,241001022
1023,241001023
1024,241001024
1025,241001025
1026,241001026
1027,241001027
1028,241001028
1029,241001029
1030,241001030
1031,241001031
1032,241001032
1033,241001033
1034,241001034
1035,241001035
1036,241001036
1037,241001037
1038,241001038
1039,241001039
1040,241001040
1041,241001041
1042,241001042
1043,241001043
1044,241001044
1045,241001045
1046,241001046
1047,241001047
1048,241001048
1049,241001049
1050,241001050
1051,241001051
1052,241001052
1053,241001053
1054,241001054
1055,241001055
1056,241001056
1057,241001057
1058,241001058
1059,241001059
1060,241001060
1061,241001061
1062,241001062
1063,241001063
1064,241001064
1065,241001065
1066,241001066
1067,241001067
1068,241001068
1069,241001069
1070,241001070
1071,241001071
1072,241001072
1073,241001073
1074,241001074
1075,241001075
1076,241001076
1077,241001077
1078,241001078
1079,241001079
1080,241001080
1081,241001081
1082,241001082
1083,241001083
1084,241001084
1085,241001085
1086,241001086
1087,241001087
1088,241001088
1089,241001089
1090,241001090
1091,241001091
1092,241001092
1093,241001093
1094,241001094
1095,241001095
1096,241001096
1097,241001097
1098,241001098
1099,241001099
1100,241001100
1101,241001101
1102,241001102
1103,241001103
1104,241001104
1105,241001105
1106,241001106
1107,241001107
1108,241001108
1109,241001109
1110,241001110
1111,241001111
1112,241001112
1113,241001113
1114,241001114
1115,241001115
1116,241001116
1117,241001117
1118,241001118
1119,241001119
1120,241001120
1121,241001121
1122,241001122
1123,241001123
1124,241001124
1125,241001125
1126,241001126
1127,241001127
1128,241001128
1129,241001129
1130,241001130
1131,241001131
1132,241001132
1133,241001133
1134,241001134
1135,241001135
1136,241001136
1137,241001137
1138,241001138
1139,241001139
1140,241001140
1141,241001141
1142,241001142
1143,241001143
1144,241001144
1145,241001145
1146,241001146
1147,241001147
1148,241001148
1149,241001149
1150,241001150
1151,241001151
1152,241001152
1153,241001153
1154,241001154
1155,241001155
1156,241001156
1157,241001157
1158,241001158
1159,241001159
1160,241001160
1161,241001161
1162,241001162
1163,241001163
1164,241001164
1165,241001165
1166,241001166
1167,241001167
1168,241001168
1169,241001169
1170,241001170
1171,241001171
1172,241001172
1173,241001173
1174,241001174
1175,241001175
1176,241001176
1177,241001177
1178,241001178
1179,241001179
1180,241001180
1181,241001181
1182,241001182
1183,241001183
1184,241001184
1185,241001185
1186,241001186
1187,241001187
1188,241001188
1189,241001189
1190,241001190
1191,241001191
1192,241001192
1193,241001193
1194,241001194
1195,241001195
1196,241001196
1197,241001197
1198,241001198
1199,241001199
1200,241001200
1201,241001201
1202,241001202
1203,241001203
1204,241001204
1205,241001205
1206,241001206
1207,241001207
1208,241001208
1209,241001209
1210,241001210
1211,241001211
1212,241001212
1213,241001213
1214,241001214
1215,241001215
1216,241001216
1217,241001217
1218,241001218
1219,241001219
1220,241001220
1221,241001221
1222,241001222
1223,241001223
1224,241001224
1225,241001225
1226,241001226
1227,241001227
1228,241001228
1229,241001229
1230,241001230
1231,241001231
1232,241001232
1233,241001233
1234,241001234
1235,241001235
1236,241001236
1237,241001237
1238,241001238
1239,241001239
1240,241001240
1241,241001241
1242,241001242
1243,241001243
1244,241001244
1245,241001245
1246,241001246
1247,241001247
1248,241001248
1249,241001249
1250,241001250
1251,241001251
1252,241001252
1253,241001253
1254,241001254
1255,241001255
1256,241001256
1257,241001257
1258,241001258
1259,241001259
1260,241001260
1261,241001261
1262,241001262
1263,241001263
1264,241001264
1265,241001265
1266,241001266
1267,241001267
1268,241001268
1269,241001269
1270,241001270
1271,241001271
1272,241001272
1273,241001273
1274,241001274
1275,241001275
1276,241001276
1277,241001277
1278,241001278
1279,241001279
1280,241001280
1281,241001281
1282,241001282
1283,241001283
1284,241001284
1285,241001285
1286,241001286
1287,241001287
1288,241001288
1289,241001289
1290,241001290
1291,241001291
1292,241001292
1293,241001293
1294,241001294
1295,241001295
1296,241001296
1297,241001297
1298,241001298
1299,241001299
1300,241001300
1301,241001301
1302,241001302
1303,241001303
1304,241001304
1305,241001305
1306,241001306
1307,241001307
1308,241001308
1309,241001309
1310,241001310
1311,241001311
1312,241001312
1313,241001313
1314,241001314
1315,241001315
1316,241001316
1317,241001317
1318,241001318
1319,241001319
1320,241001320
1321,241001321
1322,241001322
1323,241001323
1324,241001324
1325,241001325
1326,241001326
1327,241001327
1328,241001328
1329,241001329
1330,241001330
1331,241001331
1332,241001332
1333,241001333
1334,241001334
1335,241001335
1336,241001336
1337,241001337
1338,241001338
1339,241001339
1340,241001340
1341,241001341
1342,241001342
1343,241001343
1344,241001344
1345,241001345
1346,241001346
1347,241001347
1348,241001348
1349,241001349
1350,241001350
1351,241001351
1352,241001352
1353,241001353
1354,241001354
1355,241001355
1356,241001356
1357,241001357
1358,241001358
1359,241001359
1360,241001360
1361,241001361
1362,241001362
1363,241001363
1364,241001364
1365,241001365
1366,241001366
1367,241001367
1368,241001368
1369,241001369
1370,241001370
1371,241001371
1372,241001372
1373,241001373
1374,241001374
1375,241001375
1376,241001376
1377,241001377
1378,241001378
1379,241001379
1380,241001380
1381,241001381
1382,241001382
1383,241001383
1384,241001384
1385,241001385
1386,241001386
1387,241001387
1388,241001388
1389,241001389
1390,241001390
1391,241001391
1392,241001392
1393,241001393
1394,241001394
1395,241001395
1396,241001396
1397,241001397
1398,241001398
1399,241001399
1400,241001400
1401,241001401
1402,241001402
1403,241001403
1404,241001404
1405,241001405
1406,241001406
1407,241001407
1408,241001408
1409,241001409
1410,241001410
1411,241001411
1412,241001412
1413,241001413
1414,241001414
1415,241001415
1416,241001416
1417,241001417
1418,241001418
1419,241001419
1420,241001420
1421,241001421
1422,241001422
1423,241001423
1424,241001424
1425,241001425
1426,241001426
1427,241001427
1428,241001428
1429,241001429
1430,241001430
1431,241001431
1432,241001432
1433,241001433
1434,241001434
1435,241001435
1436,241001436
1437,241001437
1438,241001438
1439,241001439
1440,241001440
1441,241001441
1442,241001442
1443,241001443
1444,241001444
1445,241001445
1446,241001446
1447,241001447
1448,241001448
1449,241001449
1450,241001450
1451,241001451
1452,241001452
1453,241001453
1454,241001454
1455,241001455
1456,241001456
1457,241001457
1458,241001458
1459,241001459
1460,241001460
1461,241001461
1462,241001462
1463,241001463
1464,241001464
1465,241001465
1466,241001466
1467,241001467
1468,241001468
1469,241001469
1470,241001470
1471,241001471
1472,241001472
1473,241001473
1474,241001474
1475,241001475
1476,241001476
1477,241001477
1478,241001478
1479,241001479
1480,241001480
1481,241001481
1482,241001482
1483,241001483
1484,241001484
1485,241001485
1486,241001486
1487,241001487
1488,241001488
1489,241001489
1490,241001490
1491,241001491
1492,241001492
1493,241001493
1494,241001494
1495,241001495
1496,241001496
1497,241001497
1498,241001498
1499,241001499
1500,241001500
1501,241001501
1502,241001502
1503,241001503
1504,241001504
1505,241001505
1506,241001506
1507,241001507
1508,241001508
1509,241001509
1510,241001510
1511,241001511
1512,241001512
1513,241001513
1514,241001514
1515,241001515
1516,241001516
1517,241001517
1518,241001518
1519,241001519
1520,241001520
1521,241001521
1522,241001522
1523,241001523
1524,241001524
1525,241001525
1526,241001526
1527,241001527
1528,241001528
1529,241001529
1530,241001530
1531,241001531
1532,241001532
1533,241001533
1534,241001534
1535,241001535
1536,241001536
1537,241001537
1538,241001538
1539,241001539
1540,241001540
1541,241001541
1542,241001542
1543,241001543
1544,241001544
1545,241001545
1546,241001546
1547,241001547
1548,241001548
1549,241001549
1550,241001550
1551,241001551
1552,241001552
1553,241001553
1554,241001554
1555,241001555
1556,241001556
1557,241001557
1558,241001558
1559,241001559
1560,241001560
1561,241001561
1562,241001562
1563,241001563
1564,241001564
1565,241001565
1566,241001566
1567,241001567
1568,241001568
1569,241001569
1570,241001570
1571,241001571
1572,241001572
1573,241001573
1574,241001574
1575,241001575
1576,241001576
1577,241001577
1578,241001578
1579,241001579
1580,241001580
1581,241001581
1582,241001582
1583,241001583
1584,241001584
1585,241001585
1586,241001586
1587,241001587
1588,241001588
1589,241001589
1590,241001590
1591,241001591
1592,241001592
1593,241001593
1594,241001594
1595,241001595
1596,241001596
1597,241001597
1598,241001598
1599,241001599
1600,241001600
1601,241001601
1602,241001602
1603,241001603
1604,241001604
1605,241001605
1606,241001606
1607,241001607
1608,241001608
1609,241001609
1610,241001610
1611,241001611
1612,241001612
1613,241001613
1614,241001614
1615,241001615
1616,241001616
1617,241001617
1618,241001618
1619,241001619
1620,241001620
1621,241001621
1622,241001622
1623,241001623
1624,241001624
1625,241001625
1626,241001626
1627,241001627
1628,241001628
1629,241001629
1630,241001630
1631,241001631
1632,241001632
1633,241001633
1634,241001634
1635,241001635
1636,241001636
1637,241001637
1638,241001638
1639,241001639
1640,241001640
1641,241001641
1642,241001642
1643,241001643
1644,241001644
1645,241001645
1646,241001646
1647,241001647
1648,241001648
1649,241001649
1650,241001650
1651,241001651
1652,241001652
1653,241001653
1654,241001654
1655,241001655
1656,241001656
1657,241001657
1658,241001658
1659,241001659
1660,241001660
1661,241001661
1662,241001662
1663,241001663
1664,241001664
1665,241001665
1666,241001666
1667,241001667
1668,241001668
1669,241001669
1670,241001670
1671,241001671
1672,241001672
1673,241001673
1674,241001674
1675,241001675
1676,241001676
1677,241001677
1678,241001678
1679,241001679
1680,241001680
1681,241001681
1682,241001682
1683,241001683
1684,241001684
1685,241001685
1686,241001686
1687,241001687
1688,241001688
1689,241001689
1690,241001690
1691,241001691
1692,241001692
1693,241001693
1694,241001694
1695,241001695
1696,241001696
1697,241001697
1698,241001698
1699,241001699
1700,241001700
1701,241001701
1702,241001702
1703,241001703
1704,241001704
1705,241001705
1706,241001706
1707,241001707
1708,241001708
1709,241001709
1710,241001710
1711,241001711
1712,241001712
1713,241001713
1714,241001714
1715,241001715
1716,241001716
1717,241001717
1718,241001718
1719,241001719
1720,241001720
1721,241001721
1722,241001722
1723,241001723
1724,241001724
1725,241001725
1726,241001726
1727,241001727
1728,241001728
1729,241001729
1730,241001730
1731,241001731
1732,241001732
1733,241001733
1734,241001734
1735,241001735
1736,241001736
1737,241001737
1738,241001738
1739,241001739
1740,241001740
1741,241001741
1742,241001742
1743,241001743
1744,241001744
1745,241001745
1746,241001746
1747,241001747
1748,241001748
1749,241001749
1750,241001750
1751,241001751
1752,241001752
1753,241001753
1754,241001754
1755,241001755
1756,241001756
1757,241001757
1758,241001758
1759,241001759
1760,241001760
1761,241001761
1762,241001762
1763,241001763
1764,241001764
1765,241001765
1766,241001766
1767,241001767
1768,241001768
1769,241001769
1770,241001770
1771,241001771
1772,241001772
1773,241001773
1774,241001774
1775,241001775
1776,241001776
1777,241001777
1778,241001778
1779,241001779
1780,241001780
1781,241001781
1782,241001782
1783,241001783
1784,241001784
1785,241001785
1786,241001786
1787,241001787
1788,241001788
1789,241001789
1790,241001790
1791,241001791
1792,241001792
1793,241001793
1794,241001794
1795,241001795
1796,241001796
1797,241001797
1798,241001798
1799,241001799
1800,241001800
1801,241001801
1802,241001802
1803,241001803
1804,241001804
1805,241001805
1806,241001806
1807,241001807
1808,241001808
1809,241001809
1810,241001810
1811,241001811
1812,241001812
1813,241001813
1814,241001814
1815,241001815
1816,241001816
1817,241001817
1818,241001818
1819,241001819
1820,241001820
1821,241001821
1822,241001822
1823,241001823
1824,241001824
1825,241001825
1826,241001826
1827,241001827
1828,241001828
1829,241001829
1830,241001830
1831,241001831
1832,241001832
1833,241001833
1834,241001834
1835,241001835
1836,241001836
1837,241001837
1838,241001838
1839,241001839
1840,241001840
1841,241001841
1842,241001842
1843,241001843
1844,241001844
1845,241001845
1846,241001846
1847,241001847
1848,241001848
1849,241001849
1850,241001850
1851,241001851
1852,241001852
1853,241001853
1854,241001854
1855,241001855
1856,241001856
1857,241001857
1858,241001858
1859,241001859
1860,241001860
1861,241001861
1862,241001862
1863,241001863
1864,241001864
1865,241001865
1866,241001866
1867,241001867
1868,241001868
1869,241001869
1870,241001870
1871,241001871
1872,241001872
1873,241001873
1874,241001874
1875,241001875
1876,241001876
1877,241001877
1878,241001878
1879,241001879
1880,241001880
1881,241001881
1882,241001882
1883,241001883
1884,241001884
1885,241001885
1886,241001886
1887,241001887
1888,241001888
1889,241001889
1890,241001890
1891,241001891
1892,241001892
1893,241001893
1894,241001894
1895,241001895
1896,241001896
1897,241001897
1898,241001898
1899,241001899
1900,241001900
1901,241001901
1902,241001902
1903,241001903
1904,241001904
1905,241001905
1906,241001906
1907,241001907
1908,241001908
1909,241001909
1910,241001910
1911,241001911
1912,241001912
1913,241001913
1914,241001914
1915,241001915
1916,241001916
1917,241001917
1918,241001918
1919,241001919
1920,241001920
1921,241001921
1922,241001922
1923,241001923
1924,241001924
1925,241001925
1926,241001926
1927,241001927
1928,241001928
1929,241001929
1930,241001930
1931,241001931
1932,241001932
1933,241001933
1934,241001934
1935,241001935
1936,241001936
1937,241001937
1938,241001938
1939,241001939
1940,241001940
1941,241001941
1942,241001942
1943,241001943
1944,241001944
1945,241001945
1946,241001946
1947,241001947
1948,241001948
1949,241001949
1950,241001950
1951,241001951
1952,241001952
1953,241001953
1954,241001954
1955,241001955
1956,241001956
1957,241001957
1958,241001958
1959,241001959
1960,241001960
1961,241001961
1962,241001962
1963,241001963
1964,241001964
1965,241001965
1966,241001966
1967,241001967
1968,241001968
1969,241001969
1970,241001970
1971,241001971
1972,241001972
1973,241001973
1974,241001974
1975,241001975
1976,241001976
1977,241001977
1978,241001978
1979,241001979
1980,241001980
1981,241001981
1982,241001982
1983,241001983
1984,241001984
1985,241001985
1986,241001986
1987,241001987
1988,241001988
1989,241001989
1990,241001990
1991,241001991
1992,241001992
1993,241001993
1994,241001994
1995,241001995
1996,241001996
1997,241001997
1998,241001998
1999,241001999
2000,241002000