1	201100001
2	201100002
3	201100003
4	201100004
5	201100005
6	201100006
7	201100007
8	201100008
9	201100009
10	201100010
11	201100011
12	201100012
13	201100013
14	201100014
15	201100015
16	201100016
17	201100017
18	201100018
19	201100019
20	201100020
21	201100021
22	201100022
23	201100023
24	201100024
25	201100025
26	201100026
27	201100027
28	201100028
29	201100029
30	201100030
31	201100031
32	201100032
33	201100033
34	201100034
35	201100035
36	201100036
37	201100037
38	201100038
39	201100039
40	201100040
41	201100041
42	201100042
43	201100043
44	201100044
45	201100045
46	201100046
47	201100047
48	201100048
49	201100049
50	201100050
51	201100051
52	201100052
53	201100053
54	201100054
55	201100055
56	201100056
57	201100057
58	201100058
59	201100059
60	201100060
61	201100061
62	201100062
63	201100063
64	201100064
65	201100065
66	201100066
67	201100067
68	201100068
69	201100069
70	201100070
71	201100071
72	201100072
73	201100073
74	201100074
75	201100075
76	201100076
77	201100077
78	201100078
79	201100079
80	201100080
81	201100081
82	201100082
83	201100083
84	201100084
85	201100085
86	201100086
87	201100087
88	201100088
89	201100089
90	201100090
91	201100091
92	201100092
93	201100093
94	201100094
95	201100095
96	201100096
97	201100097
98	201100098
99	201100099
100	201100100
101	201100101
102	201100102
103	201100103
104	201100104
105	201100105
106	201100106
107	201100107
108	201100108
109	201100109
110	201100110
111	201100111
112	201100112
113	201100113
114	201100114
115	201100115
116	201100116
117	201100117
118	201100118
119	201100119
120	201100120
121	201100121
122	201100122
123	201100123
124	201100124
125	201100125
126	201100126
127	201100127
128	201100128
129	201100129
130	201100130
131	201100131
132	201100132
133	201100133
134	201100134
135	201100135
136	201100136
137	201100137
138	201100138
139	201100139
140	201100140
141	201100141
142	201100142
143	201100143
144	201100144
145	201100145
146	201100146
147	201100147
148	201100148
149	201100149
150	201100150
151	201100151
152	201100152
153	201100153
154	201100154
155	201100155
156	201100156
157	201100157
158	201100158
159	201100159
160	201100160
161	201100161
162	201100162
163	201100163
164	201100164
165	201100165
166	201100166
167	201100167
168	201100168
169	201100169
170	201100170
171	201100171
172	201100172
173	201100173
174	201100174
175	201100175
176	201100176
177	201100177
178	201100178
179	201100179
180	201100180
181	201100181
182	201100182
183	201100183
184	201100184
185	201100185
186	201100186
187	201100187
188	201100188
189	201100189
190	201100190
191	201100191
192	201100192
193	201100193
194	201100194
195	201100195
196	201100196
197	201100197
198	201100198
199	201100199
200	201100200
201	201100201
202	201100202
203	201100203
204	201100204
205	201100205
206	201100206
207	201100207
208	201100208
209	201100209
210	201100210
211	201100211
212	201100212
213	201100213
214	201100214
215	201100215
216	201100216
217	201100217
218	201100218
219	201100219
220	201100220
221	201100221
222	201100222
223	201100223
224	201100224
225	201100225
226	201100226
227	201100227
228	201100228
229	201100229
230	201100230
231	201100231
232	201100232
233	201100233
234	201100234
235	201100235
236	201100236
237	201100237
238	201100238
239	201100239
240	201100240
241	201100241
242	201100242
243	201100243
244	201100244
245	201100245
246	201100246
247	201100247
248	201100248
249	201100249
250	201100250
251	201100251
252	201100252
253	201100253
254	201100254
255	201100255
256	201100256
257	201100257
258	201100258
259	201100259
260	201100260
261	201100261
262	201100262
263	201100263
264	201100264
265	201100265
266	201100266
267	201100267
268	201100268
269	201100269
270	201100270
271	201100271
272	201100272
273	201100273
274	201100274
275	201100275
276	201100276
277	201100277
278	201100278
279	201100279
280	201100280
281	201100281
282	201100282
283	201100283
284	201100284
285	201100285
286	201100286
287	201100287
288	201100288
289	201100289
290	201100290
291	201100291
292	201100292
293	201100293
294	201100294
295	201100295
296	201100296
297	201100297
298	201100298
299	201100299
300	201100300
301	201100301
302	201100302
303	201100303
304	201100304
305	201100305
306	201100306
307	201100307
308	201100308
309	201100309
310	201100310
311	201100311
312	201100312
313	201100313
314	201100314
315	201100315
316	201100316
317	201100317
318	201100318
319	201100319
320	201100320
321	201100321
322	201100322
323	201100323
324	201100324
325	201100325
326	201100326
327	201100327
328	201100328
329	201100329
330	201100330
331	201100331
332	201100332
333	201100333
334	201100334
335	201100335
336	201100336
337	201100337
338	201100338
339	201100339
340	201100340
341	201100341
342	201100342
343	201100343
344	201100344
345	201100345
346	201100346
347	201100347
348	201100348
349	201100349
350	201100350
351	201100351
352	201100352
353	201100353
354	201100354
355	201100355
356	201100356
357	201100357
358	201100358
359	201100359
360	201100360
361	201100361
362	201100362
363	201100363
364	201100364
365	201100365
366	201100366
367	201100367
368	201100368
369	201100369
370	201100370
371	201100371
372	201100372
373	201100373
374	201100374
375	201100375
376	201100376
377	201100377
378	201100378
379	201100379
380	201100380
381	201100381
382	201100382
383	201100383
384	201100384
385	201100385
386	201100386
387	201100387
388	201100388
389	201100389
390	201100390
391	201100391
392	201100392
393	201100393
394	201100394
395	201100395
396	201100396
397	201100397
398	201100398
399	201100399
400	201100400
401	201100401
402	201100402
403	201100403
404	201100404
405	201100405
406	201100406
407	201100407
408	201100408
409	201100409
410	201100410
411	201100411
412	201100412
413	201100413
414	201100414
415	201100415
416	201100416
417	201100417
418	201100418
419	201100419
420	201100420
421	201100421
422	201100422
423	201100423
424	201100424
425	201100425
426	201100426
427	201100427
428	201100428
429	201100429
430	201100430
431	201100431
432	201100432
433	201100433
434	201100434
435	201100435
436	201100436
437	201100437
438	201100438
439	201100439
440	201100440
441	201100441
442	201100442
443	201100443
444	201100444
445	201100445
446	201100446
447	201100447
448	201100448
449	201100449
450	201100450
451	201100451
452	201100452
453	201100453
454	201100454
455	201100455
456	201100456
457	201100457
458	201100458
459	201100459
460	201100460
461	201100461
462	201100462
463	201100463
464	201100464
465	201100465
466	201100466
467	201100467
468	201100468
469	201100469
470	201100470
471	201100471
472	201100472
473	201100473
474	201100474
475	201100475
476	201100476
477	201100477
478	201100478
479	201100479
480	201100480
481	201100481
482	201100482
483	201100483
484	201100484
485	201100485
486	201100486
487	201100487
488	201100488
489	201100489
490	201100490
491	201100491
492	201100492
493	201100493
494	201100494
495	201100495
496	201100496
497	201100497
498	201100498
499	201100499
500	201100500
