1	213000001
2	213000002
3	213000003
4	213000004
5	213000005
6	213000006
7	213000007
8	213000008
9	213000009
10	213000010
11	213000011
12	213000012
13	213000013
14	213000014
15	213000015
16	213000016
17	213000017
18	213000018
19	213000019
20	213000020
21	213000021
22	213000022
23	213000023
24	213000024
25	213000025
26	213000026
27	213000027
28	213000028
29	213000029
30	213000030
31	213000031
32	213000032
33	213000033
34	213000034
35	213000035
36	213000036
37	213000037
38	213000038
39	213000039
40	213000040
41	213000041
42	213000042
43	213000043
44	213000044
45	213000045
46	213000046
47	213000047
48	213000048
49	213000049
50	213000050
51	213000051
52	213000052
53	213000053
54	213000054
55	213000055
56	213000056
57	213000057
58	213000058
59	213000059
60	213000060
61	213000061
62	213000062
63	213000063
64	213000064
65	213000065
66	213000066
67	213000067
68	213000068
69	213000069
70	213000070
71	213000071
72	213000072
73	213000073
74	213000074
75	213000075
76	213000076
77	213000077
78	213000078
79	213000079
80	213000080
81	213000081
82	213000082
83	213000083
84	213000084
85	213000085
86	213000086
87	213000087
88	213000088
89	213000089
90	213000090
91	213000091
92	213000092
93	213000093
94	213000094
95	213000095
96	213000096
97	213000097
98	213000098
99	213000099
100	213000100
101	213000101
102	213000102
103	213000103
104	213000104
105	213000105
106	213000106
107	213000107
108	213000108
109	213000109
110	213000110
111	213000111
112	213000112
113	213000113
114	213000114
115	213000115
116	213000116
117	213000117
118	213000118
119	213000119
120	213000120
121	213000121
122	213000122
123	213000123
124	213000124
125	213000125
126	213000126
127	213000127
128	213000128
129	213000129
130	213000130
131	213000131
132	213000132
133	213000133
134	213000134
135	213000135
136	213000136
137	213000137
138	213000138
139	213000139
140	213000140
141	213000141
142	213000142
143	213000143
144	213000144
145	213000145
146	213000146
147	213000147
148	213000148
149	213000149
150	213000150
151	213000151
152	213000152
153	213000153
154	213000154
155	213000155
156	213000156
157	213000157
158	213000158
159	213000159
160	213000160
161	213000161
162	213000162
163	213000163
164	213000164
165	213000165
166	213000166
167	213000167
168	213000168
169	213000169
170	213000170
171	213000171
172	213000172
173	213000173
174	213000174
175	213000175
176	213000176
177	213000177
178	213000178
179	213000179
180	213000180
181	213000181
182	213000182
183	213000183
184	213000184
185	213000185
186	213000186
187	213000187
188	213000188
189	213000189
190	213000190
191	213000191
192	213000192
193	213000193
194	213000194
195	213000195
196	213000196
197	213000197
198	213000198
199	213000199
200	213000200
201	213000201
202	213000202
203	213000203
204	213000204
205	213000205
206	213000206
207	213000207
208	213000208
209	213000209
210	213000210
211	213000211
212	213000212
213	213000213
214	213000214
215	213000215
216	213000216
217	213000217
218	213000218
219	213000219
220	213000220
221	213000221
222	213000222
223	213000223
224	213000224
225	213000225
226	213000226
227	213000227
228	213000228
229	213000229
230	213000230
231	213000231
232	213000232
233	213000233
234	213000234
235	213000235
236	213000236
237	213000237
238	213000238
239	213000239
240	213000240
241	213000241
242	213000242
243	213000243
244	213000244
245	213000245
246	213000246
247	213000247
248	213000248
249	213000249
250	213000250
251	213000251
252	213000252
253	213000253
254	213000254
255	213000255
256	213000256
257	213000257
258	213000258
259	213000259
260	213000260
261	213000261
262	213000262
263	213000263
264	213000264
265	213000265
266	213000266
267	213000267
268	213000268
269	213000269
270	213000270
271	213000271
272	213000272
273	213000273
274	213000274
275	213000275
276	213000276
277	213000277
278	213000278
279	213000279
280	213000280
281	213000281
282	213000282
283	213000283
284	213000284
285	213000285
286	213000286
287	213000287
288	213000288
289	213000289
290	213000290
291	213000291
292	213000292
293	213000293
294	213000294
295	213000295
296	213000296
297	213000297
298	213000298
299	213000299
300	213000300
301	213000301
302	213000302
303	213000303
304	213000304
305	213000305
306	213000306
307	213000307
308	213000308
309	213000309
310	213000310
311	213000311
312	213000312
313	213000313
314	213000314
315	213000315
316	213000316
317	213000317
318	213000318
319	213000319
320	213000320
321	213000321
322	213000322
323	213000323
324	213000324
325	213000325
326	213000326
327	213000327
328	213000328
329	213000329
330	213000330
331	213000331
332	213000332
333	213000333
334	213000334
335	213000335
336	213000336
337	213000337
338	213000338
339	213000339
340	213000340
341	213000341
342	213000342
343	213000343
344	213000344
345	213000345
346	213000346
347	213000347
348	213000348
349	213000349
350	213000350
351	213000351
352	213000352
353	213000353
354	213000354
355	213000355
356	213000356
357	213000357
358	213000358
359	213000359
360	213000360
361	213000361
362	213000362
363	213000363
364	213000364
365	213000365
366	213000366
367	213000367
368	213000368
369	213000369
370	213000370
371	213000371
372	213000372
373	213000373
374	213000374
375	213000375
376	213000376
377	213000377
378	213000378
379	213000379
380	213000380
381	213000381
382	213000382
383	213000383
384	213000384
385	213000385
386	213000386
387	213000387
388	213000388
389	213000389
390	213000390
391	213000391
392	213000392
393	213000393
394	213000394
395	213000395
396	213000396
397	213000397
398	213000398
399	213000399
400	213000400
401	213000401
402	213000402
403	213000403
404	213000404
405	213000405
406	213000406
407	213000407
408	213000408
409	213000409
410	213000410
411	213000411
412	213000412
413	213000413
414	213000414
415	213000415
416	213000416
417	213000417
418	213000418
419	213000419
420	213000420
421	213000421
422	213000422
423	213000423
424	213000424
425	213000425
426	213000426
427	213000427
428	213000428
429	213000429
430	213000430
431	213000431
432	213000432
433	213000433
434	213000434
435	213000435
436	213000436
437	213000437
438	213000438
439	213000439
440	213000440
441	213000441
442	213000442
443	213000443
444	213000444
445	213000445
446	213000446
447	213000447
448	213000448
449	213000449
450	213000450
451	213000451
452	213000452
453	213000453
454	213000454
455	213000455
456	213000456
457	213000457
458	213000458
459	213000459
460	213000460
461	213000461
462	213000462
463	213000463
464	213000464
465	213000465
466	213000466
467	213000467
468	213000468
469	213000469
470	213000470
471	213000471
472	213000472
473	213000473
474	213000474
475	213000475
476	213000476
477	213000477
478	213000478
479	213000479
480	213000480
481	213000481
482	213000482
483	213000483
484	213000484
485	213000485
486	213000486
487	213000487
488	213000488
489	213000489
490	213000490
491	213000491
492	213000492
493	213000493
494	213000494
495	213000495
496	213000496
497	213000497
498	213000498
499	213000499
500	213000500
501	213000501
502	213000502
503	213000503
504	213000504
505	213000505
506	213000506
507	213000507
508	213000508
509	213000509
510	213000510
511	213000511
512	213000512
513	213000513
514	213000514
515	213000515
516	213000516
517	213000517
518	213000518
519	213000519
520	213000520
521	213000521
522	213000522
523	213000523
524	213000524
525	213000525
526	213000526
527	213000527
528	213000528
529	213000529
530	213000530
531	213000531
532	213000532
533	213000533
534	213000534
535	213000535
536	213000536
537	213000537
538	213000538
539	213000539
540	213000540
541	213000541
542	213000542
543	213000543
544	213000544
545	213000545
546	213000546
547	213000547
548	213000548
549	213000549
550	213000550
551	213000551
552	213000552
553	213000553
554	213000554
555	213000555
556	213000556
557	213000557
558	213000558
559	213000559
560	213000560
561	213000561
562	213000562
563	213000563
564	213000564
565	213000565
566	213000566
567	213000567
568	213000568
569	213000569
570	213000570
571	213000571
572	213000572
573	213000573
574	213000574
575	213000575
576	213000576
577	213000577
578	213000578
579	213000579
580	213000580
581	213000581
582	213000582
583	213000583
584	213000584
585	213000585
586	213000586
587	213000587
588	213000588
589	213000589
590	213000590
591	213000591
592	213000592
593	213000593
594	213000594
595	213000595
596	213000596
597	213000597
598	213000598
599	213000599
600	213000600
601	213000601
602	213000602
603	213000603
604	213000604
605	213000605
606	213000606
607	213000607
608	213000608
609	213000609
610	213000610
611	213000611
612	213000612
613	213000613
614	213000614
615	213000615
616	213000616
617	213000617
618	213000618
619	213000619
620	213000620
621	213000621
622	213000622
623	213000623
624	213000624
625	213000625
626	213000626
627	213000627
628	213000628
629	213000629
630	213000630
631	213000631
632	213000632
633	213000633
634	213000634
635	213000635
636	213000636
637	213000637
638	213000638
639	213000639
640	213000640
641	213000641
642	213000642
643	213000643
644	213000644
645	213000645
646	213000646
647	213000647
648	213000648
649	213000649
650	213000650
651	213000651
652	213000652
653	213000653
654	213000654
655	213000655
656	213000656
657	213000657
658	213000658
659	213000659
660	213000660
661	213000661
662	213000662
663	213000663
664	213000664
665	213000665
666	213000666
667	213000667
668	213000668
669	213000669
670	213000670
671	213000671
672	213000672
673	213000673
674	213000674
675	213000675
676	213000676
677	213000677
678	213000678
679	213000679
680	213000680
681	213000681
682	213000682
683	213000683
684	213000684
685	213000685
686	213000686
687	213000687
688	213000688
689	213000689
690	213000690
691	213000691
692	213000692
693	213000693
694	213000694
695	213000695
696	213000696
697	213000697
698	213000698
699	213000699
700	213000700
701	213000701
702	213000702
703	213000703
704	213000704
705	213000705
706	213000706
707	213000707
708	213000708
709	213000709
710	213000710
711	213000711
712	213000712
713	213000713
714	213000714
715	213000715
716	213000716
717	213000717
718	213000718
719	213000719
720	213000720
721	213000721
722	213000722
723	213000723
724	213000724
725	213000725
726	213000726
727	213000727
728	213000728
729	213000729
730	213000730
731	213000731
732	213000732
733	213000733
734	213000734
735	213000735
736	213000736
737	213000737
738	213000738
739	213000739
740	213000740
741	213000741
742	213000742
743	213000743
744	213000744
745	213000745
746	213000746
747	213000747
748	213000748
749	213000749
750	213000750
751	213000751
752	213000752
753	213000753
754	213000754
755	213000755
756	213000756
757	213000757
758	213000758
759	213000759
760	213000760
761	213000761
762	213000762
763	213000763
764	213000764
765	213000765
766	213000766
767	213000767
768	213000768
769	213000769
770	213000770
771	213000771
772	213000772
773	213000773
774	213000774
775	213000775
776	213000776
777	213000777
778	213000778
779	213000779
780	213000780
781	213000781
782	213000782
783	213000783
784	213000784
785	213000785
786	213000786
787	213000787
788	213000788
789	213000789
790	213000790
791	213000791
792	213000792
793	213000793
794	213000794
795	213000795
796	213000796
797	213000797
798	213000798
799	213000799
800	213000800
801	213000801
802	213000802
803	213000803
804	213000804
805	213000805
806	213000806
807	213000807
808	213000808
809	213000809
810	213000810
811	213000811
812	213000812
813	213000813
814	213000814
815	213000815
816	213000816
817	213000817
818	213000818
819	213000819
820	213000820
821	213000821
822	213000822
823	213000823
824	213000824
825	213000825
826	213000826
827	213000827
828	213000828
829	213000829
830	213000830
831	213000831
832	213000832
833	213000833
834	213000834
835	213000835
836	213000836
837	213000837
838	213000838
839	213000839
840	213000840
841	213000841
842	213000842
843	213000843
844	213000844
845	213000845
846	213000846
847	213000847
848	213000848
849	213000849
850	213000850
851	213000851
852	213000852
853	213000853
854	213000854
855	213000855
856	213000856
857	213000857
858	213000858
859	213000859
860	213000860
861	213000861
862	213000862
863	213000863
864	213000864
865	213000865
866	213000866
867	213000867
868	213000868
869	213000869
870	213000870
871	213000871
872	213000872
873	213000873
874	213000874
875	213000875
876	213000876
877	213000877
878	213000878
879	213000879
880	213000880
881	213000881
882	213000882
883	213000883
884	213000884
885	213000885
886	213000886
887	213000887
888	213000888
889	213000889
890	213000890
891	213000891
892	213000892
893	213000893
894	213000894
895	213000895
896	213000896
897	213000897
898	213000898
899	213000899
900	213000900
901	213000901
902	213000902
903	213000903
904	213000904
905	213000905
906	213000906
907	213000907
908	213000908
909	213000909
910	213000910
911	213000911
912	213000912
913	213000913
914	213000914
915	213000915
916	213000916
917	213000917
918	213000918
919	213000919
920	213000920
921	213000921
922	213000922
923	213000923
924	213000924
925	213000925
926	213000926
927	213000927
928	213000928
929	213000929
930	213000930
931	213000931
932	213000932
933	213000933
934	213000934
935	213000935
936	213000936
937	213000937
938	213000938
939	213000939
940	213000940
941	213000941
942	213000942
943	213000943
944	213000944
945	213000945
946	213000946
947	213000947
948	213000948
949	213000949
950	213000950
951	213000951
952	213000952
953	213000953
954	213000954
955	213000955
956	213000956
957	213000957
958	213000958
959	213000959
960	213000960
961	213000961
962	213000962
963	213000963
964	213000964
965	213000965
966	213000966
967	213000967
968	213000968
969	213000969
970	213000970
971	213000971
972	213000972
973	213000973
974	213000974
975	213000975
976	213000976
977	213000977
978	213000978
979	213000979
980	213000980
981	213000981
982	213000982
983	213000983
984	213000984
985	213000985
986	213000986
987	213000987
988	213000988
989	213000989
990	213000990
991	213000991
992	213000992
993	213000993
994	213000994
995	213000995
996	213000996
997	213000997
998	213000998
999	213000999
1000	213001000
1001	213001001
1002	213001002
1003	213001003
1004	213001004
1005	213001005
1006	213001006
1007	213001007
1008	213001008
1009	213001009
1010	213001010
1011	213001011
1012	213001012
1013	213001013
1014	213001014
1015	213001015
1016	213001016
1017	213001017
1018	213001018
1019	213001019
1020	213001020
1021	213001021
1022	213001022
1023	213001023
1024	213001024
1025	213001025
1026	213001026
1027	213001027
1028	213001028
1029	213001029
1030	213001030
1031	213001031
1032	213001032
1033	213001033
1034	213001034
1035	213001035
1036	213001036
1037	213001037
1038	213001038
1039	213001039
1040	213001040
1041	213001041
1042	213001042
1043	213001043
1044	213001044
1045	213001045
1046	213001046
1047	213001047
1048	213001048
1049	213001049
1050	213001050
1051	213001051
1052	213001052
1053	213001053
1054	213001054
1055	213001055
1056	213001056
1057	213001057
1058	213001058
1059	213001059
1060	213001060
1061	213001061
1062	213001062
1063	213001063
1064	213001064
1065	213001065
1066	213001066
1067	213001067
1068	213001068
1069	213001069
1070	213001070
1071	213001071
1072	213001072
1073	213001073
1074	213001074
1075	213001075
1076	213001076
1077	213001077
1078	213001078
1079	213001079
1080	213001080
1081	213001081
1082	213001082
1083	213001083
1084	213001084
1085	213001085
1086	213001086
1087	213001087
1088	213001088
1089	213001089
1090	213001090
1091	213001091
1092	213001092
1093	213001093
1094	213001094
1095	213001095
1096	213001096
1097	213001097
1098	213001098
1099	213001099
1100	213001100
1101	213001101
1102	213001102
1103	213001103
1104	213001104
1105	213001105
1106	213001106
1107	213001107
1108	213001108
1109	213001109
1110	213001110
1111	213001111
1112	213001112
1113	213001113
1114	213001114
1115	213001115
1116	213001116
1117	213001117
1118	213001118
1119	213001119
1120	213001120
1121	213001121
1122	213001122
1123	213001123
1124	213001124
1125	213001125
1126	213001126
1127	213001127
1128	213001128
1129	213001129
1130	213001130
1131	213001131
1132	213001132
1133	213001133
1134	213001134
1135	213001135
1136	213001136
1137	213001137
1138	213001138
1139	213001139
1140	213001140
1141	213001141
1142	213001142
1143	213001143
1144	213001144
1145	213001145
1146	213001146
1147	213001147
1148	213001148
1149	213001149
1150	213001150
1151	213001151
1152	213001152
1153	213001153
1154	213001154
1155	213001155
1156	213001156
1157	213001157
1158	213001158
1159	213001159
1160	213001160
1161	213001161
1162	213001162
1163	213001163
1164	213001164
1165	213001165
1166	213001166
1167	213001167
1168	213001168
1169	213001169
1170	213001170
1171	213001171
1172	213001172
1173	213001173
1174	213001174
1175	213001175
1176	213001176
1177	213001177
1178	213001178
1179	213001179
1180	213001180
1181	213001181
1182	213001182
1183	213001183
1184	213001184
1185	213001185
1186	213001186
1187	213001187
1188	213001188
1189	213001189
1190	213001190
1191	213001191
1192	213001192
1193	213001193
1194	213001194
1195	213001195
1196	213001196
1197	213001197
1198	213001198
1199	213001199
1200	213001200
1201	213001201
1202	213001202
1203	213001203
1204	213001204
1205	213001205
1206	213001206
1207	213001207
1208	213001208
1209	213001209
1210	213001210
1211	213001211
1212	213001212
1213	213001213
1214	213001214
1215	213001215
1216	213001216
1217	213001217
1218	213001218
1219	213001219
1220	213001220
1221	213001221
1222	213001222
1223	213001223
1224	213001224
1225	213001225
1226	213001226
1227	213001227
1228	213001228
1229	213001229
1230	213001230
1231	213001231
1232	213001232
1233	213001233
1234	213001234
1235	213001235
1236	213001236
1237	213001237
1238	213001238
1239	213001239
1240	213001240
1241	213001241
1242	213001242
1243	213001243
1244	213001244
1245	213001245
1246	213001246
1247	213001247
1248	213001248
1249	213001249
1250	213001250
1251	213001251
1252	213001252
1253	213001253
1254	213001254
1255	213001255
1256	213001256
1257	213001257
1258	213001258
1259	213001259
1260	213001260
1261	213001261
1262	213001262
1263	213001263
1264	213001264
1265	213001265
1266	213001266
1267	213001267
1268	213001268
1269	213001269
1270	213001270
1271	213001271
1272	213001272
1273	213001273
1274	213001274
1275	213001275
1276	213001276
1277	213001277
1278	213001278
1279	213001279
1280	213001280
1281	213001281
1282	213001282
1283	213001283
1284	213001284
1285	213001285
1286	213001286
1287	213001287
1288	213001288
1289	213001289
1290	213001290
1291	213001291
1292	213001292
1293	213001293
1294	213001294
1295	213001295
1296	213001296
1297	213001297
1298	213001298
1299	213001299
1300	213001300
1301	213001301
1302	213001302
1303	213001303
1304	213001304
1305	213001305
1306	213001306
1307	213001307
1308	213001308
1309	213001309
1310	213001310
1311	213001311
1312	213001312
1313	213001313
1314	213001314
1315	213001315
1316	213001316
1317	213001317
1318	213001318
1319	213001319
1320	213001320
1321	213001321
1322	213001322
1323	213001323
1324	213001324
1325	213001325
1326	213001326
1327	213001327
1328	213001328
1329	213001329
1330	213001330
1331	213001331
1332	213001332
1333	213001333
1334	213001334
1335	213001335
1336	213001336
1337	213001337
1338	213001338
1339	213001339
1340	213001340
1341	213001341
1342	213001342
1343	213001343
1344	213001344
1345	213001345
1346	213001346
1347	213001347
1348	213001348
1349	213001349
1350	213001350
1351	213001351
1352	213001352
1353	213001353
1354	213001354
1355	213001355
1356	213001356
1357	213001357
1358	213001358
1359	213001359
1360	213001360
1361	213001361
1362	213001362
1363	213001363
1364	213001364
1365	213001365
1366	213001366
1367	213001367
1368	213001368
1369	213001369
1370	213001370
1371	213001371
1372	213001372
1373	213001373
1374	213001374
1375	213001375
1376	213001376
1377	213001377
1378	213001378
1379	213001379
1380	213001380
1381	213001381
1382	213001382
1383	213001383
1384	213001384
1385	213001385
1386	213001386
1387	213001387
1388	213001388
1389	213001389
1390	213001390
1391	213001391
1392	213001392
1393	213001393
1394	213001394
1395	213001395
1396	213001396
1397	213001397
1398	213001398
1399	213001399
1400	213001400
1401	213001401
1402	213001402
1403	213001403
1404	213001404
1405	213001405
1406	213001406
1407	213001407
1408	213001408
1409	213001409
1410	213001410
1411	213001411
1412	213001412
1413	213001413
1414	213001414
1415	213001415
1416	213001416
1417	213001417
1418	213001418
1419	213001419
1420	213001420
1421	213001421
1422	213001422
1423	213001423
1424	213001424
1425	213001425
1426	213001426
1427	213001427
1428	213001428
1429	213001429
1430	213001430
1431	213001431
1432	213001432
1433	213001433
1434	213001434
1435	213001435
1436	213001436
1437	213001437
1438	213001438
1439	213001439
1440	213001440
1441	213001441
1442	213001442
1443	213001443
1444	213001444
1445	213001445
1446	213001446
1447	213001447
1448	213001448
1449	213001449
1450	213001450
1451	213001451
1452	213001452
1453	213001453
1454	213001454
1455	213001455
1456	213001456
1457	213001457
1458	213001458
1459	213001459
1460	213001460
1461	213001461
1462	213001462
1463	213001463
1464	213001464
1465	213001465
1466	213001466
1467	213001467
1468	213001468
1469	213001469
1470	213001470
1471	213001471
1472	213001472
1473	213001473
1474	213001474
1475	213001475
1476	213001476
1477	213001477
1478	213001478
1479	213001479
1480	213001480
1481	213001481
1482	213001482
1483	213001483
1484	213001484
1485	213001485
1486	213001486
1487	213001487
1488	213001488
1489	213001489
1490	213001490
1491	213001491
1492	213001492
1493	213001493
1494	213001494
1495	213001495
1496	213001496
1497	213001497
1498	213001498
1499	213001499
1500	213001500
1501	213001501
1502	213001502
1503	213001503
1504	213001504
1505	213001505
1506	213001506
1507	213001507
1508	213001508
1509	213001509
1510	213001510
1511	213001511
1512	213001512
1513	213001513
1514	213001514
1515	213001515
1516	213001516
1517	213001517
1518	213001518
1519	213001519
1520	213001520
1521	213001521
1522	213001522
1523	213001523
1524	213001524
1525	213001525
1526	213001526
1527	213001527
1528	213001528
1529	213001529
1530	213001530
1531	213001531
1532	213001532
1533	213001533
1534	213001534
1535	213001535
1536	213001536
1537	213001537
1538	213001538
1539	213001539
1540	213001540
1541	213001541
1542	213001542
1543	213001543
1544	213001544
1545	213001545
1546	213001546
1547	213001547
1548	213001548
1549	213001549
1550	213001550
1551	213001551
1552	213001552
1553	213001553
1554	213001554
1555	213001555
1556	213001556
1557	213001557
1558	213001558
1559	213001559
1560	213001560
1561	213001561
1562	213001562
1563	213001563
1564	213001564
1565	213001565
1566	213001566
1567	213001567
1568	213001568
1569	213001569
1570	213001570
1571	213001571
1572	213001572
1573	213001573
1574	213001574
1575	213001575
1576	213001576
1577	213001577
1578	213001578
1579	213001579
1580	213001580
1581	213001581
1582	213001582
1583	213001583
1584	213001584
1585	213001585
1586	213001586
1587	213001587
1588	213001588
1589	213001589
1590	213001590
1591	213001591
1592	213001592
1593	213001593
1594	213001594
1595	213001595
1596	213001596
1597	213001597
1598	213001598
1599	213001599
1600	213001600
1601	213001601
1602	213001602
1603	213001603
1604	213001604
1605	213001605
1606	213001606
1607	213001607
1608	213001608
1609	213001609
1610	213001610
1611	213001611
1612	213001612
1613	213001613
1614	213001614
1615	213001615
1616	213001616
1617	213001617
1618	213001618
1619	213001619
1620	213001620
1621	213001621
1622	213001622
1623	213001623
1624	213001624
1625	213001625
1626	213001626
1627	213001627
1628	213001628
1629	213001629
1630	213001630
1631	213001631
1632	213001632
1633	213001633
1634	213001634
1635	213001635
1636	213001636
1637	213001637
1638	213001638
1639	213001639
1640	213001640
1641	213001641
1642	213001642
1643	213001643
1644	213001644
1645	213001645
1646	213001646
1647	213001647
1648	213001648
1649	213001649
1650	213001650
1651	213001651
1652	213001652
1653	213001653
1654	213001654
1655	213001655
1656	213001656
1657	213001657
1658	213001658
1659	213001659
1660	213001660
1661	213001661
1662	213001662
1663	213001663
1664	213001664
1665	213001665
1666	213001666
1667	213001667
1668	213001668
1669	213001669
1670	213001670
1671	213001671
1672	213001672
1673	213001673
1674	213001674
1675	213001675
1676	213001676
1677	213001677
1678	213001678
1679	213001679
1680	213001680
1681	213001681
1682	213001682
1683	213001683
1684	213001684
1685	213001685
1686	213001686
1687	213001687
1688	213001688
1689	213001689
1690	213001690
1691	213001691
1692	213001692
1693	213001693
1694	213001694
1695	213001695
1696	213001696
1697	213001697
1698	213001698
1699	213001699
1700	213001700
1701	213001701
1702	213001702
1703	213001703
1704	213001704
1705	213001705
1706	213001706
1707	213001707
1708	213001708
1709	213001709
1710	213001710
1711	213001711
1712	213001712
1713	213001713
1714	213001714
1715	213001715
1716	213001716
1717	213001717
1718	213001718
1719	213001719
1720	213001720
1721	213001721
1722	213001722
1723	213001723
1724	213001724
1725	213001725
1726	213001726
1727	213001727
1728	213001728
1729	213001729
1730	213001730
1731	213001731
1732	213001732
1733	213001733
1734	213001734
1735	213001735
1736	213001736
1737	213001737
1738	213001738
1739	213001739
1740	213001740
1741	213001741
1742	213001742
1743	213001743
1744	213001744
1745	213001745
1746	213001746
1747	213001747
1748	213001748
1749	213001749
1750	213001750
1751	213001751
1752	213001752
1753	213001753
1754	213001754
1755	213001755
1756	213001756
1757	213001757
1758	213001758
1759	213001759
1760	213001760
1761	213001761
1762	213001762
1763	213001763
1764	213001764
1765	213001765
1766	213001766
1767	213001767
1768	213001768
1769	213001769
1770	213001770
1771	213001771
1772	213001772
1773	213001773
1774	213001774
1775	213001775
1776	213001776
1777	213001777
1778	213001778
1779	213001779
1780	213001780
1781	213001781
1782	213001782
1783	213001783
1784	213001784
1785	213001785
1786	213001786
1787	213001787
1788	213001788
1789	213001789
1790	213001790
1791	213001791
1792	213001792
1793	213001793
1794	213001794
1795	213001795
1796	213001796
1797	213001797
1798	213001798
1799	213001799
1800	213001800
1801	213001801
1802	213001802
1803	213001803
1804	213001804
1805	213001805
1806	213001806
1807	213001807
1808	213001808
1809	213001809
1810	213001810
1811	213001811
1812	213001812
1813	213001813
1814	213001814
1815	213001815
1816	213001816
1817	213001817
1818	213001818
1819	213001819
1820	213001820
1821	213001821
1822	213001822
1823	213001823
1824	213001824
1825	213001825
1826	213001826
1827	213001827
1828	213001828
1829	213001829
1830	213001830
1831	213001831
1832	213001832
1833	213001833
1834	213001834
1835	213001835
1836	213001836
1837	213001837
1838	213001838
1839	213001839
1840	213001840
1841	213001841
1842	213001842
1843	213001843
1844	213001844
1845	213001845
1846	213001846
1847	213001847
1848	213001848
1849	213001849
1850	213001850
1851	213001851
1852	213001852
1853	213001853
1854	213001854
1855	213001855
1856	213001856
1857	213001857
1858	213001858
1859	213001859
1860	213001860
1861	213001861
1862	213001862
1863	213001863
1864	213001864
1865	213001865
1866	213001866
1867	213001867
1868	213001868
1869	213001869
1870	213001870
1871	213001871
1872	213001872
1873	213001873
1874	213001874
1875	213001875
1876	213001876
1877	213001877
1878	213001878
1879	213001879
1880	213001880
1881	213001881
1882	213001882
1883	213001883
1884	213001884
1885	213001885
1886	213001886
1887	213001887
1888	213001888
1889	213001889
1890	213001890
1891	213001891
1892	213001892
1893	213001893
1894	213001894
1895	213001895
1896	213001896
1897	213001897
1898	213001898
1899	213001899
1900	213001900
1901	213001901
1902	213001902
1903	213001903
1904	213001904
1905	213001905
1906	213001906
1907	213001907
1908	213001908
1909	213001909
1910	213001910
1911	213001911
1912	213001912
1913	213001913
1914	213001914
1915	213001915
1916	213001916
1917	213001917
1918	213001918
1919	213001919
1920	213001920
1921	213001921
1922	213001922
1923	213001923
1924	213001924
1925	213001925
1926	213001926
1927	213001927
1928	213001928
1929	213001929
1930	213001930
1931	213001931
1932	213001932
1933	213001933
1934	213001934
1935	213001935
1936	213001936
1937	213001937
1938	213001938
1939	213001939
1940	213001940
1941	213001941
1942	213001942
1943	213001943
1944	213001944
1945	213001945
1946	213001946
1947	213001947
1948	213001948
1949	213001949
1950	213001950
1951	213001951
1952	213001952
1953	213001953
1954	213001954
1955	213001955
1956	213001956
1957	213001957
1958	213001958
1959	213001959
1960	213001960
1961	213001961
1962	213001962
1963	213001963
1964	213001964
1965	213001965
1966	213001966
1967	213001967
1968	213001968
1969	213001969
1970	213001970
1971	213001971
1972	213001972
1973	213001973
1974	213001974
1975	213001975
1976	213001976
1977	213001977
1978	213001978
1979	213001979
1980	213001980
1981	213001981
1982	213001982
1983	213001983
1984	213001984
1985	213001985
1986	213001986
1987	213001987
1988	213001988
1989	213001989
1990	213001990
1991	213001991
1992	213001992
1993	213001993
1994	213001994
1995	213001995
1996	213001996
1997	213001997
1998	213001998
1999	213001999
2000	213002000
